1.304400
1.549600
1.220400
1.618300
1.702200
1.625300
1.703100
1.714400
1.649500
1.575100
1.368400
1.654700
1.680900
1.626600
1.666200
1.499700
1.564500
1.425100
1.521800
1.481700
1.745100
1.594400
1.552900
1.575100
1.586000
1.683600
1.606800
1.486500
1.584200
1.688000
1.641400
1.554300
1.507100
1.494300
1.334600
1.109400
1.470800
1.635400
1.519100
1.892300
1.310800
1.591800
1.194600
1.689000
1.644300
1.598000
1.578500
1.680500
1.503000
1.446100
1.334700
1.652100
1.250400
1.225600
1.505600
2.137600
1.754200
1.335800
1.504700
2.634800
1.382000
1.513000
1.352500
1.550700
1.519000
1.421800
1.713600
1.448400
1.593700
1.168800
1.661200
1.217300
1.481900
1.398800
1.550000
1.129800
1.346200
1.355700
1.460100
1.216200
1.464500
1.496300
1.548300
1.390600
2.224500
1.472100
1.181400
1.594100
1.471100
1.272800
0.877900
1.105200
1.366000
0.939700
1.131400
1.334200
1.383000
1.194300
1.307600
1.257800
