1.045400
1.169600
1.007900
1.092600
1.224800
1.099000
1.202100
1.152500
1.136700
1.095200
1.075500
1.163600
1.044900
1.193300
1.122000
1.073900
0.959600
1.104100
1.115500
1.108700
1.105500
0.993800
1.048800
1.139500
1.113700
1.046100
1.120700
1.054800
0.910700
1.076900
0.988700
0.955000
1.091200
1.051700
1.036700
0.952600
1.087300
1.045900
1.021700
1.073700
1.111800
1.038400
0.836900
1.026100
1.145700
1.216300
1.096600
1.059900
1.169000
1.150100
1.109200
1.150000
1.022200
1.113700
0.895500
1.143100
0.990400
0.909800
0.993500
1.170800
0.999300
1.143200
0.910200
0.933500
1.166100
1.057700
1.170400
1.025400
1.090200
1.034700
0.985500
1.023600
1.200700
1.120600
1.076500
3.028800
1.202000
1.155500
1.068000
1.076200
1.098900
1.198200
1.304500
0.998200
1.137900
0.962200
1.107800
1.156600
0.919300
0.611900
0.634600
0.789700
0.923800
0.982200
0.820000
0.811300
0.563200
0.889100
0.811300
0.851600
