6.909700
6.472400
7.073400
6.662900
6.732100
7.171000
6.915500
6.408700
6.976900
9.652100
7.581400
6.584100
6.840300
7.740500
6.821900
6.578200
6.798400
7.277400
6.688600
6.934900
6.533700
6.698800
3.589700
3.619200
3.594800
3.605400
3.601200
4.252800
3.946400
3.913900
3.600700
3.562800
3.698400
3.652400
3.621000
3.852400
3.567400
3.558000
3.618400
4.477400
3.773400
3.926200
3.734500
3.587700
3.520300
3.830100
3.767500
3.655000
3.654100
3.708400
3.613300
4.642500
3.575200
3.963400
3.611600
3.614300
3.606500
4.036100
3.679800
3.853700
3.553900
3.471600
3.578600
4.534300
3.730600
3.718800
3.709500
3.913700
3.902500
4.110400
3.705400
3.685200
3.557700
3.521900
3.814200
4.170300
3.728900
3.598000
3.611000
3.555800
3.657600
4.254200
3.517300
3.623300
4.001900
3.597300
3.615300
4.433800
3.967300
3.626800
3.622100
3.712300
3.579400
3.780200
3.724700
3.544000
3.436100
3.605200
4.010900
4.205800
