3.143000
2.813500
2.801500
2.855800
2.811000
3.095800
2.843300
2.815000
2.739500
2.872500
2.931700
2.889900
2.874100
3.021800
2.823100
2.815300
2.790800
2.857600
2.756600
5.140400
4.926400
2.984400
2.818100
2.811100
2.723500
2.755800
2.938600
2.711900
3.135400
2.947900
2.789900
2.809100
3.038100
2.711500
3.084300
2.936100
3.269100
4.583800
3.827200
2.767100
3.247700
3.487200
2.908400
2.772600
2.864700
2.797300
1.799300
1.647100
1.744100
1.507800
1.596000
1.557700
1.570800
1.689400
1.526300
1.537800
1.574500
1.742800
1.588700
1.708300
1.790300
1.862100
1.988400
1.628200
1.831300
1.561600
1.803200
1.610800
1.572800
1.560300
1.661400
1.592000
1.539100
1.574900
1.625600
1.577500
1.774400
1.557500
1.608900
1.597400
1.728400
1.571500
1.584000
1.602600
1.580300
1.567900
1.705600
1.480600
2.008600
2.150500
1.913800
1.554800
1.567200
1.842900
1.558300
1.559800
1.545400
1.727200
1.543300
1.582200
