3.507500
2.817900
2.781100
2.801100
2.978000
2.770200
2.763400
2.760100
2.746200
2.963900
2.923500
2.758400
2.747800
3.374300
2.737700
2.744600
3.250700
3.087600
3.712800
4.024300
4.826500
2.817200
3.268700
2.936300
2.744500
2.792200
2.782200
3.133300
3.221600
2.914000
3.433400
2.776500
2.798000
3.271700
2.718500
2.740600
2.833700
3.849600
3.825700
3.074200
2.726700
2.821000
3.185800
2.818500
2.821200
2.762700
2.787400
2.807700
3.390200
2.772600
3.418900
1.564600
1.547200
1.557000
1.555100
1.533600
1.560900
1.545500
1.560600
2.275900
1.565100
1.998800
1.537800
1.546200
1.753200
1.642400
1.542500
1.680800
1.544500
1.572900
1.551900
1.792300
1.534100
1.510200
1.796100
1.485300
1.553000
1.585800
1.520700
1.869700
1.510500
1.525800
1.492100
1.547000
1.612100
1.962000
2.011700
1.855800
1.736800
1.664000
1.752200
1.634000
1.542800
1.747400
1.554400
1.533400
1.533100
1.568900
1.686400
1.559800
