3.310100
3.501200
3.380100
3.348700
3.547800
3.348000
3.261200
3.306800
3.753000
3.355900
3.556900
3.449400
3.512200
3.935300
3.719100
3.324100
3.433500
3.399900
3.275200
3.527800
3.919200
3.318700
3.380500
3.845500
3.306100
3.404400
3.342300
3.365600
3.405900
3.868100
3.929600
3.470800
14.584400
3.182500
3.262000
3.312500
3.254300
3.461300
3.966100
3.392200
3.294200
3.611600
3.391100
3.791500
3.497100
2.187500
2.070000
2.095300
3.035400
2.323300
2.531200
2.167100
2.029300
2.207900
2.117900
2.046200
2.000900
2.035700
2.139200
2.156800
2.088300
2.395600
2.712300
2.023400
2.086400
2.124900
2.194700
2.086900
2.299100
2.093800
2.180000
2.335700
2.148500
2.267600
2.307400
2.271700
2.186400
2.111500
2.326600
2.035200
2.139200
2.291100
2.182300
2.117000
2.177300
2.199400
2.710700
2.224300
2.298800
2.271100
2.110900
2.163700
2.125200
2.111100
2.122600
2.203800
2.178600
2.397500
2.394200
2.410100
