1.046800
0.834400
0.829700
0.814900
0.822900
0.786100
0.866600
0.813800
0.808400
0.790400
0.844500
0.844300
0.795600
0.799700
0.798100
0.776000
0.812600
0.801600
0.787500
0.727900
0.795800
0.805900
0.665600
0.804300
0.797200
0.823000
0.822300
0.795900
0.807500
0.783400
0.843300
1.053400
0.797000
0.776200
0.849300
1.126400
0.921100
0.921300
0.841900
0.800000
0.811700
0.941800
0.788800
0.787800
0.726700
0.795600
0.731900
0.747000
0.800500
0.839700
0.796400
0.722300
0.988900
0.790900
0.785700
0.824200
1.000500
0.735100
0.801200
0.774400
0.810700
0.812600
0.779800
0.779500
0.766800
0.792300
0.798200
0.784000
1.486800
0.831600
0.850800
0.926700
0.981100
0.791900
0.885100
0.808400
0.796800
0.795800
0.774100
0.791700
0.835200
0.920800
0.808800
0.774200
0.774900
0.830400
0.905800
0.852900
0.831100
0.734600
0.729800
0.755700
0.766200
0.813100
0.792400
0.831000
0.569100
0.572000
0.511000
0.587500
