6.461100
6.784300
6.672300
6.540600
6.675200
6.440800
6.570300
6.733900
7.332400
7.496300
6.864500
6.663700
6.966200
7.935500
6.446600
7.018500
6.664500
6.799100
7.679200
7.111800
6.916400
3.884100
4.112700
3.911600
4.419900
3.717800
3.832500
3.757900
3.670600
4.170200
4.057400
4.311900
4.015800
3.770100
4.131600
3.722500
4.103600
3.786300
3.872600
3.796300
4.072900
4.022500
3.975200
3.832000
3.914500
3.738200
3.966500
3.921400
3.722400
3.730800
3.847000
3.883600
3.824100
3.747500
4.018900
4.206700
3.664600
3.730600
4.036500
3.709100
3.764600
3.738900
3.856600
3.715300
3.750200
4.422500
4.188500
4.018900
4.209200
3.732500
3.721200
4.665200
3.830300
3.857800
4.123800
3.833800
4.088700
5.431300
4.515400
4.113200
3.725800
3.726000
3.714800
4.154800
4.476400
3.730900
3.834800
3.928000
3.741600
4.560100
3.838300
3.863100
3.767400
4.239100
3.926500
4.063100
3.772500
3.855400
3.684500
3.672500
