3.801800
3.445400
2.977400
3.077000
2.978100
2.910000
3.429800
2.844300
2.991600
2.907100
2.966100
3.438200
3.258100
2.907100
2.928500
2.880000
3.273800
3.377200
3.149600
3.454100
4.220400
3.712200
2.884800
3.925800
3.180400
3.214600
3.075300
3.639100
5.676300
2.886300
3.023200
3.582100
3.163600
3.003700
3.251600
2.949800
3.180000
3.413500
3.292500
3.113300
3.514400
4.260600
3.155300
2.851500
3.316500
2.878400
3.414600
2.077900
1.620900
1.714600
1.618600
1.691100
1.674800
2.141800
1.966900
1.691600
1.866200
1.707200
1.893600
1.617000
4.708500
1.787400
1.744400
1.639300
1.785600
2.103200
1.778400
1.869700
1.893500
1.716900
1.668700
1.625000
1.773400
1.768600
1.914200
1.754400
1.672000
1.954000
1.768200
1.734500
1.648900
1.748300
1.660000
1.865300
1.694100
1.742300
2.027500
1.929100
2.061600
1.772400
1.650700
1.914100
1.843400
2.058500
1.973800
1.653700
1.638600
1.744700
1.737300
1.637700
