7.141000
7.182900
7.188200
7.044300
7.462100
6.919200
6.782600
7.072800
7.823200
8.830100
7.582500
6.896800
8.989700
8.383000
8.049700
7.689000
7.261100
7.605000
6.978900
7.311800
7.673200
7.503900
4.064300
4.091800
4.001700
4.261100
4.373100
4.487200
3.992600
4.088000
4.161600
4.231800
4.614000
4.310300
4.034400
4.135000
4.328500
4.178100
4.085200
4.188500
4.167600
4.211400
4.372000
4.227900
4.271000
4.289400
4.061600
4.053300
4.091800
4.505700
4.024300
4.619100
4.102900
4.100100
4.384500
4.194600
4.031400
4.234300
4.264400
4.051700
4.100000
4.313400
4.339800
4.338800
4.075300
4.174900
4.118100
5.110100
4.244100
4.477100
4.033900
4.029300
4.499800
4.488500
4.218500
4.169100
4.179100
4.520000
4.347400
4.085200
4.168300
3.962900
4.281300
4.316700
4.227900
4.293000
4.150700
4.477600
4.272400
4.129600
4.152700
4.206400
4.057500
4.479300
4.135700
4.128600
4.212500
4.147900
4.124700
4.264500
