1.036700
0.771100
0.823600
0.971200
0.822800
0.721400
0.754000
0.814000
0.854100
0.826700
0.823000
0.860200
0.836200
0.818300
0.772500
0.831700
0.860000
0.785600
0.839500
0.817800
0.818300
0.937700
0.857900
0.933200
0.786500
0.843900
0.917700
0.838700
0.832400
0.823600
0.857800
0.849600
0.800000
0.850700
0.861000
0.861900
0.866700
0.910500
0.952800
0.864800
0.930900
1.049600
1.053800
0.999500
0.789800
0.989600
0.862200
0.841900
0.785800
0.824900
0.820700
0.773200
0.808600
0.857700
0.865000
0.788900
0.767600
0.795200
0.783000
1.179200
0.762500
0.787400
0.806700
0.818100
0.714100
0.854300
0.794500
0.795500
0.838300
0.912000
0.830600
0.845600
0.943700
1.153200
0.812200
1.055200
1.104600
1.264900
0.720000
0.886300
0.725700
0.806500
0.853300
0.846900
0.991100
0.773700
0.829500
0.849000
0.847000
0.866900
0.862900
0.824400
0.787300
0.823900
0.665800
0.564800
0.575000
0.562600
0.707000
0.622700
