6.874100
6.314500
6.205800
6.274900
7.058300
6.554100
6.745700
6.631900
6.966900
8.922900
6.672400
6.362300
7.541500
6.265000
6.614400
7.674300
6.292800
9.036100
6.404400
6.269500
7.293700
6.472600
3.561600
3.590600
3.868800
3.686900
4.089700
4.396400
4.055400
4.067500
3.583800
3.594900
3.984600
3.623700
3.600500
3.566400
3.634900
3.602900
3.595400
4.208700
3.520800
3.585500
3.580900
3.586400
3.976400
3.533800
3.596900
3.581900
3.607900
3.579200
4.083200
4.246400
3.612500
3.553600
3.605000
3.582100
3.840300
3.568300
3.711900
3.587600
3.555400
3.805000
3.556300
4.237200
3.576400
3.621400
3.634400
3.766300
4.065400
3.572800
3.945700
3.713500
3.599900
3.641700
4.288800
4.169800
3.651000
3.748600
3.541100
3.849300
4.112800
3.718300
3.667600
3.630000
3.668200
3.647700
4.228400
4.181900
3.591800
3.666800
3.499200
3.517300
3.739000
3.745000
3.491900
3.891300
3.703700
3.652600
3.889600
4.172200
