61.485400
62.843300
59.978900
37.197500
37.626800
38.069400
37.420200
37.429900
37.027300
37.491300
37.041400
37.444600
39.051500
38.739600
37.382100
37.547400
37.272700
38.652100
37.104300
37.156900
38.096800
37.462500
39.213300
37.150800
38.559800
37.027300
37.194700
39.171500
40.220800
37.835000
37.527700
37.280200
37.658100
37.243800
37.403700
37.530300
37.596200
37.475600
37.281600
37.126800
37.904100
37.170900
37.483900
37.430800
37.543300
39.275400
37.780600
37.573400
37.592000
37.745100
38.014900
37.029600
38.281700
37.276800
37.196400
37.853200
37.621000
37.119900
37.264600
37.709200
38.431900
37.299500
37.295600
38.786200
37.624800
37.500800
38.030500
37.738800
37.198400
37.461800
37.737900
37.215600
37.855600
37.386100
37.580300
37.870700
37.256700
37.552400
37.186700
37.200800
37.359900
38.477200
37.109800
37.833300
37.414800
38.035900
37.505700
37.268000
37.223700
37.542500
37.376700
37.359000
37.214400
37.232700
37.219700
37.448500
37.996800
37.171400
37.774900
38.086400
