338.521000
337.376100
341.966400
342.190300
343.831800
335.601400
339.405700
341.741800
343.979700
343.984700
339.306100
340.733500
338.780200
338.879200
342.065700
338.070700
337.331500
338.049100
336.303200
335.045200
338.674800
339.631900
343.047300
339.882300
338.025800
338.537500
339.012500
336.379300
338.421700
336.264400
338.074900
345.409400
337.059800
341.306300
336.123600
340.002300
336.545300
334.885100
340.464500
339.256000
336.187600
336.953500
337.789900
336.134600
339.868200
336.294800
335.702100
338.000800
337.887900
340.507200
336.441800
339.260100
339.366000
337.236800
338.548600
341.344100
336.950100
339.455000
339.397100
338.023600
334.671500
339.592300
337.813400
341.306500
338.949100
342.264000
338.313000
338.793900
335.861500
336.055900
336.619900
336.557300
340.806500
339.155800
337.442300
337.588200
339.046200
338.341700
337.607700
338.600500
338.958100
342.539100
338.586800
339.303600
339.475800
338.419300
336.260300
339.477900
340.610100
341.587600
336.653100
338.137600
340.311300
336.227800
338.978700
335.899500
335.214500
336.996100
336.639800
337.437300
