149.778700
149.453000
150.711400
150.091800
148.832300
149.908900
151.171700
148.821000
153.400800
152.142400
150.046800
150.395000
149.600700
151.541200
151.175400
149.609500
149.763200
150.102500
150.737100
151.348700
149.661000
150.392800
150.533700
151.180100
152.205700
149.763600
149.991500
149.396400
150.918600
149.376200
149.398600
149.846400
149.396400
149.264900
149.522800
150.576400
149.727600
150.832800
150.555600
148.743900
150.323800
148.372600
149.988300
149.718400
149.433700
150.805700
149.234900
149.019500
149.425100
150.434800
149.742000
149.565700
148.647700
151.626100
151.186400
151.162300
148.706000
149.856300
150.286000
150.797300
151.773200
148.660300
148.677900
148.631400
150.338900
150.636500
150.450500
150.686900
149.472700
150.353200
149.757400
148.879500
150.483500
149.574100
150.233200
153.935000
149.049900
149.714800
151.475800
150.499600
151.673400
149.981500
150.194000
156.215400
150.297300
150.874000
151.090000
155.455600
153.972600
151.304100
154.079800
152.136700
157.018000
151.851300
148.937700
151.029900
150.466400
149.252600
149.904800
150.948500
