3.595800
3.408600
3.110000
3.167700
3.430100
3.544500
2.999600
3.103000
3.201700
3.719200
3.022700
3.085900
4.128100
3.157700
3.115200
3.427100
3.208300
3.420100
4.294200
3.393000
3.078900
3.274100
3.093200
3.109900
3.755800
3.248800
3.270800
3.098400
4.035300
3.249700
3.271100
3.530600
3.683700
3.070400
3.166000
3.111400
3.327900
3.893200
3.546500
3.287900
3.180300
3.092600
3.103000
3.523000
3.482800
3.376400
3.226900
4.117700
3.131500
3.162200
2.062800
1.838600
2.099500
1.897100
1.818700
2.014200
1.808100
1.870000
2.061700
2.237100
2.189300
1.974200
1.880600
2.078000
1.867600
1.995500
2.147100
1.997200
1.995100
1.989200
2.126800
2.222100
2.010900
2.507800
1.868400
1.792700
1.779800
1.850900
1.830100
1.886300
2.013000
1.837800
1.959300
1.826100
1.824100
1.954000
1.813200
1.867200
1.829400
1.915400
1.739400
1.880300
1.939300
1.918200
1.895000
1.984000
1.870700
2.062700
2.368700
1.878900
