0.976600
1.054500
1.038000
1.073500
1.105200
1.022000
0.936500
1.061000
1.162000
0.938700
1.425200
0.987400
1.049600
1.152400
1.052000
1.036600
1.030600
0.962000
0.950500
1.193800
0.962800
1.019000
0.993200
1.087600
1.031400
1.087200
1.023100
1.089900
0.999100
1.248800
0.991800
1.021000
0.920800
1.085500
1.017300
0.931400
1.632100
1.419300
1.064800
1.042200
0.923900
0.884500
1.017300
1.051000
1.141400
0.989100
1.015300
1.061100
1.071000
1.151900
1.089000
1.517200
1.022100
1.111300
1.036000
1.130600
1.089900
0.928800
1.029500
1.069400
1.022600
1.092900
0.849700
1.016800
0.972500
0.965300
1.023200
1.025600
1.038900
1.026800
1.045000
1.040200
1.319400
1.081500
1.247100
1.191100
1.041900
0.960300
1.173200
1.047600
1.052800
1.035200
1.064200
1.037400
1.137200
1.095100
1.028600
1.648600
0.949500
1.013000
1.046100
1.221800
1.057600
1.020800
0.970000
0.987800
0.680000
0.590700
0.687700
0.678300
