1.025300
1.082500
1.181000
1.166600
1.104300
1.083600
1.088200
1.648900
1.082300
1.071800
1.319900
1.130400
1.058200
1.081500
1.073400
1.047100
1.012500
0.994400
1.145900
0.952700
1.077600
1.232800
1.079700
1.215700
1.118500
1.105800
1.204300
1.021600
1.094400
1.157100
1.069600
1.061000
1.051000
1.171300
1.012400
1.033700
1.047300
1.050700
1.224500
1.146500
1.027500
1.112900
1.063800
1.001400
1.008300
1.037400
1.201400
1.064800
1.346200
1.256500
1.129900
1.047300
1.088800
1.092400
1.052600
1.077800
1.487800
1.179500
1.029000
1.231000
0.979900
1.156300
1.056000
1.073700
1.514000
1.144300
1.095100
1.190100
1.096800
1.283500
1.165700
1.235400
1.069300
1.096700
1.299600
1.043600
0.964800
0.983800
1.064800
1.043400
1.001400
1.104200
1.030400
1.101400
0.982400
0.930700
1.061800
1.047100
0.931000
1.303100
1.098700
1.012300
1.146000
1.182900
1.150300
1.161400
0.851800
0.632700
0.853500
0.789800
