4.726500
4.654400
6.438000
4.747900
4.941100
4.580500
4.528500
4.588400
5.047600
4.735700
4.507900
4.800400
4.441700
4.370500
4.495300
4.687900
4.690600
4.401300
4.442300
4.393300
4.395300
4.774500
4.993100
4.781400
4.788500
4.378300
4.775300
4.626400
4.764300
5.542700
4.564800
4.541700
4.424200
5.205200
5.422800
4.629800
4.804200
4.407100
4.319700
4.652500
4.520600
4.144700
4.419100
4.514600
4.296300
4.771000
4.631900
4.594300
4.570400
4.418500
4.370400
8.833000
4.913700
4.432400
8.788800
7.280300
7.541100
8.059500
7.618300
7.515400
8.493300
7.361300
7.597900
8.479000
9.080400
7.828100
7.302400
8.791800
7.304500
7.826300
7.494200
7.461400
7.926600
4.367100
4.339600
4.441200
4.238800
4.806800
4.197400
4.500900
4.211300
4.415500
4.279000
4.623700
4.347300
4.271100
4.278600
4.294500
4.228000
4.488800
4.335500
4.206600
4.196600
4.286400
4.195200
4.395500
4.357900
4.245100
4.329700
4.256100
