7.241700
7.250700
7.299800
7.286800
8.072900
6.979100
7.266000
6.951000
7.823700
7.598600
7.157300
7.930900
8.845800
6.941700
7.108300
7.138600
7.547000
8.323300
7.235400
7.670000
7.218300
4.081900
4.374600
4.143000
4.138700
4.138800
4.153100
4.050000
4.339100
4.066900
4.031600
4.285600
4.595300
4.131100
4.321500
4.005500
4.103500
4.305900
4.185900
4.135900
4.085500
4.163600
4.102100
4.274400
4.295800
4.060100
4.498700
4.227700
4.088000
4.206200
4.088200
4.131000
4.556500
4.067600
4.287400
4.078300
4.111000
4.137100
4.746500
4.160100
4.305100
4.110400
4.101400
4.267200
4.350200
4.114300
4.136400
4.468600
4.192500
4.518500
4.175700
4.132100
4.191000
4.263000
4.065300
4.172400
4.303900
4.145400
4.065800
4.272100
4.056600
4.099800
4.148300
4.255400
4.357000
4.281400
4.053200
4.448700
4.128900
4.143800
4.328700
4.061900
4.198400
4.120700
4.089300
4.434000
7.982200
7.838200
6.980700
7.209400
