2.663200
2.835800
2.676300
2.618700
2.621700
2.603700
2.631800
2.946800
2.808500
2.608200
2.868800
2.907300
2.861800
3.675500
3.850700
2.635900
2.716500
2.634800
2.635100
3.323700
3.350500
3.326000
2.596900
2.712800
3.321900
2.600500
2.657400
2.660500
3.468800
3.442200
3.790400
4.436400
4.017700
2.523200
2.620800
2.612900
2.625800
2.628300
3.963100
2.646100
2.652300
3.141000
2.829900
2.685000
2.633400
2.655100
2.678900
6.088200
1.740100
1.665400
1.548800
2.157400
1.865300
1.543400
1.561000
1.771400
1.517800
1.552400
1.662000
1.615900
2.078300
1.717300
1.552700
1.553600
1.706800
1.495700
1.671400
1.519900
1.944300
1.554700
1.537900
1.552000
1.551300
1.868800
2.055300
1.552500
1.789800
1.631900
1.550200
1.854100
1.852100
1.768700
1.523600
1.814400
1.563700
1.555400
1.627500
2.015200
1.634300
1.554300
1.555800
1.555700
1.682800
1.532900
1.652600
1.537400
1.546400
1.860100
1.544700
1.724600
