7.482400
6.458000
6.778100
6.128400
6.801400
7.325200
7.487900
6.266100
7.471000
8.203900
6.143900
6.213500
6.414400
6.381800
6.605100
7.262100
6.717100
7.006400
6.180200
7.848200
3.583100
4.342500
4.045600
4.732700
4.534500
3.537500
4.663100
3.530600
3.705100
4.041700
3.609100
3.532800
3.544600
3.863100
3.865500
3.699900
3.900000
3.545300
3.570600
3.664000
3.868500
4.311500
3.723000
3.613600
3.540000
3.556700
4.717200
3.782100
3.598900
3.856300
3.566900
3.850300
5.046500
3.565400
3.628100
3.554400
4.260500
3.610900
3.565800
3.535300
3.539300
5.270800
3.564300
3.532900
3.514500
3.542800
3.873800
4.643900
3.686500
3.804800
3.618200
3.548700
3.820700
3.737000
4.275600
3.577900
3.530600
3.864900
3.536900
3.544800
3.570500
3.579100
4.145200
4.221000
4.780200
3.567800
3.842000
3.522500
3.721600
3.900800
3.593800
3.642200
3.908400
3.800700
4.086100
3.555700
3.887600
3.869300
3.953600
3.548800
