6.677900
6.728400
7.357900
6.600400
6.703800
6.613400
6.694500
8.287700
9.373000
6.949700
6.586300
8.493300
7.609900
7.229900
7.212900
7.337800
7.088000
6.857800
9.430200
6.736700
3.996200
3.901500
4.002400
4.376100
4.138400
4.163500
4.111400
4.231600
4.304400
3.863900
3.896900
3.860200
3.944300
3.903600
4.130200
3.863800
4.014600
4.097800
4.422100
3.877100
3.828800
4.239000
3.834300
3.865100
3.886500
4.184500
3.857400
4.057800
4.367500
3.900900
3.799000
4.073000
3.883800
4.051800
4.160000
3.855400
3.862800
4.025800
4.265800
4.234300
3.811700
3.903000
3.878400
3.820800
3.740600
4.725900
3.869600
3.915000
3.909200
4.069000
3.997100
3.991600
3.892400
4.624600
4.060400
3.930300
4.506600
3.934500
4.163300
4.336400
4.194200
3.958200
3.978300
4.134700
4.582300
3.933300
4.446300
3.983800
3.855900
3.865100
4.149700
3.846400
3.782400
3.915900
4.026500
4.260600
4.647000
4.037400
3.988800
4.083700
