3.183500
3.645700
3.553100
3.560100
3.327000
3.725800
3.283400
3.283500
3.284600
3.572100
3.497800
3.477200
3.380000
3.500000
3.304100
3.285700
3.258100
3.379400
3.199400
3.825000
3.454000
3.309200
3.792000
3.340800
3.711800
3.233200
4.035300
3.266700
3.989300
4.355800
3.677700
3.214200
3.243900
3.732800
3.499600
3.415000
3.394300
4.984100
3.542400
3.774900
3.333800
3.777900
3.251800
3.421400
3.348900
3.307100
3.305800
3.829500
1.986500
2.347600
2.338300
1.943200
2.023400
1.979700
1.997500
2.139500
2.036200
1.961100
2.033000
2.020400
1.875200
2.053200
1.988400
2.036800
1.984100
1.876700
1.968900
2.005300
2.432000
1.983600
1.997200
2.104200
2.074100
2.269700
2.201600
2.098700
1.961400
1.894700
1.919700
2.042800
2.009500
1.972800
2.050400
2.055500
1.856400
1.952700
1.991200
1.964400
2.324800
2.025900
1.949800
2.056500
1.963800
1.960000
1.963100
1.858300
2.030000
2.000700
1.954900
2.257000
