1.813700
1.056400
1.374100
1.264900
1.156200
1.474500
1.686600
1.303200
1.560700
1.661600
1.173200
1.270100
1.561900
1.392900
1.512400
1.581400
1.221600
1.037100
1.647700
1.533400
1.222100
1.088200
1.420000
1.366200
1.383500
1.373400
1.743500
1.439800
1.199400
1.577800
1.149500
1.514700
2.001300
1.615500
1.246000
1.030300
1.377200
1.309300
1.286900
1.147600
1.102500
1.253500
1.619100
1.147100
1.212700
1.114900
1.590600
1.848900
1.634000
1.405800
1.641700
1.214600
1.286500
1.314100
1.148100
1.578500
1.527000
1.102700
1.550400
1.318900
1.316500
1.105900
1.579500
1.541600
1.165100
1.240500
1.450100
1.292300
1.147400
1.610700
1.162000
1.179100
1.131000
1.086300
1.244000
1.220300
1.229100
1.300000
1.137600
1.103200
1.677300
1.210000
1.394100
1.190800
1.220800
1.598800
1.241500
1.376500
1.519700
1.477200
1.167100
1.161500
1.270700
1.241600
0.777200
0.986100
1.018000
0.841300
1.192600
1.187800
