3.908500
3.574300
3.461500
3.546000
3.931000
3.459100
3.389600
3.414000
3.618800
3.445000
3.535100
3.669300
3.477000
3.393300
3.373500
3.334900
3.543900
3.627000
3.798400
4.546000
4.051100
3.495900
3.621800
3.504700
3.469600
3.393400
3.593600
3.636800
3.592500
3.846800
3.381900
3.433600
4.254800
3.465800
3.360900
3.665300
3.631100
4.116500
4.035900
3.964600
3.604800
3.426900
3.675700
3.671300
3.708200
3.671900
3.618900
2.102800
2.276700
2.114500
2.060400
2.024000
2.340600
2.080600
2.244800
2.155300
2.230200
2.029300
2.068900
2.107400
2.192000
2.114400
2.270900
2.128400
2.146400
2.331100
2.215700
2.342800
2.053500
2.269400
2.210300
2.059000
2.167700
2.323900
2.296800
2.200800
2.322300
2.217000
2.206200
2.162900
2.307400
2.252000
2.331800
2.101700
2.173600
2.392200
2.239900
2.144700
2.228500
2.086100
2.184600
2.267500
2.156500
2.214300
2.277900
2.246000
2.145300
2.231000
2.397200
1.974200
