8.430700
7.968600
7.779200
7.793700
7.849000
7.708300
8.611800
9.182400
7.013600
7.449000
7.940100
7.880500
8.140700
6.945400
8.790800
7.247800
3.981700
4.013600
4.503900
4.384200
4.284000
3.977000
4.078900
4.007300
4.468200
4.200900
4.027300
3.986100
4.159000
4.026200
3.979300
4.171700
4.401000
4.068500
5.403500
4.472400
3.971900
4.030800
4.084400
4.348500
4.170300
4.382900
4.083200
4.962600
4.325500
5.126400
4.458600
4.075700
4.168200
4.016600
4.214900
4.450200
4.117700
4.034300
4.183000
4.151600
3.986500
4.350500
4.168500
4.043700
4.984400
3.989200
4.345700
4.441200
3.996800
4.078000
3.970800
4.275900
4.030300
4.224400
4.018800
4.420300
4.207200
4.108700
4.085800
4.154600
4.099300
4.020800
4.140700
4.010300
4.642500
4.009300
4.039800
4.017400
3.998800
4.120300
4.041400
4.011500
4.026500
4.036900
4.051000
4.235500
3.973100
4.107700
4.004600
4.177000
4.263200
4.013900
4.369400
4.088000
