3.185300
3.536000
3.555100
3.360400
3.310800
3.319300
3.302000
3.274200
3.485300
3.538200
3.253600
3.453900
3.266600
3.216200
3.221800
3.485500
3.059100
3.193300
3.486300
3.691800
3.694900
3.463500
3.273000
3.735500
3.239900
3.322200
3.724200
3.393400
3.221200
3.753300
3.538900
3.820600
3.587400
3.514600
3.248000
3.188600
3.220200
3.848000
3.548000
3.422700
3.241500
3.744900
3.761400
3.152100
3.688400
3.747900
3.748100
3.502500
1.920600
3.209500
3.160100
1.918600
1.991800
2.065900
1.954900
1.953300
1.997800
1.994400
2.167100
2.131700
1.961500
2.002400
2.223600
1.937700
1.896400
1.953600
2.178300
2.394400
2.023000
1.983500
1.923200
2.340200
1.944100
1.966900
1.965000
2.197200
1.994500
1.993000
2.033400
2.143800
1.847000
1.985200
2.042400
2.076200
1.843700
2.157600
1.919000
1.905000
1.980100
1.956900
2.112300
2.068200
2.289000
2.009500
2.007800
1.939600
1.925600
1.912400
1.822400
2.076800
