2.161600
1.799600
2.028000
2.304500
1.962100
2.614200
2.527100
2.273900
2.292800
2.385500
2.529400
2.320000
2.847300
2.128800
2.029900
1.928700
1.424100
2.809600
1.847700
1.779100
1.873400
1.723400
2.097000
1.739500
1.420700
1.885800
2.089400
1.845900
1.694600
2.025300
2.079600
1.995200
1.406900
1.525100
1.783200
1.373100
1.590800
1.313200
1.741100
1.792700
2.013000
1.704500
1.873000
1.736500
1.987600
1.880200
2.060500
2.045500
1.760700
1.504500
1.818300
1.640400
1.330400
1.549700
1.285000
1.523000
1.568400
1.480800
1.735400
1.663000
2.056200
1.916100
1.884600
1.809300
2.230700
1.814500
1.513200
2.505300
1.404200
1.773500
1.964900
1.911500
1.705400
1.708000
2.232000
1.815000
1.450700
1.942800
2.003600
1.985600
1.811000
1.677000
1.883800
2.073100
1.362100
1.693700
1.380300
1.487400
2.157700
1.912300
1.782100
1.458500
1.623500
1.417800
1.956200
1.443600
1.582000
1.797400
1.433100
1.438300
