0.608200
0.590800
0.597100
0.587400
0.597200
0.775300
0.586000
0.603000
0.602200
0.593600
0.563500
0.582800
0.575900
0.582500
0.579500
0.593300
0.677100
0.813800
0.581800
0.773300
0.580100
0.640900
0.588000
0.561100
0.579100
0.577700
0.757400
0.580100
0.588000
0.640900
0.580800
0.653400
0.546500
0.779300
0.695700
0.939400
0.783300
0.762000
0.555900
0.731600
0.578200
0.593400
0.585300
0.732100
0.576000
0.569600
0.534000
0.589300
0.591300
0.687500
0.579800
0.738900
0.688700
1.261000
0.610300
0.686800
0.712700
0.576800
0.574200
0.515600
0.578800
0.582400
0.583700
0.584800
0.581100
0.576100
0.590400
0.589000
0.583600
0.720200
0.779700
0.641500
0.584900
0.632700
0.579200
0.717100
0.636200
0.579600
0.574700
0.592600
0.579400
0.618000
0.617600
0.597700
0.622900
0.650200
0.685600
0.577200
0.765000
0.684500
0.595800
0.811600
0.695600
1.101800
0.582300
0.900900
0.574900
0.580400
0.580800
0.574800
